<!DOCTYPE html>
<html lang="" xml:lang="">
  <head>
    <title>Statistics with R</title>
    <meta charset="utf-8" />
    <script src="libs/header-attrs-2.11/header-attrs.js"></script>
    <link href="libs/remark-css-0.0.1/default.css" rel="stylesheet" />
    <link href="libs/remark-css-0.0.1/default-fonts.css" rel="stylesheet" />
  </head>
  <body>
    <textarea id="source">
class: center, middle, inverse, title-slide

# Statistics with R
## Introduction to R for Actuarial Students

---


* Introduction to R for Actuarial Students

* CS1B Curriculum

* Introduction to R programming
* Fundamentals of Statistical Analysis
* Probability Distributions

* Question 2 - Correlation Analysis
* Exam on basis of ***Base R***

---




&lt;style type="text/css"&gt;
pre {
  background: #ADD8E6;
  max-width: 100%;
  overflow-x: scroll;
}
&lt;/style&gt;


A student is performing a study to understand the correlation of temperature among 
different days of the week. 
Temperature on weekdays is recorded for 15 weeks in the file ***Temperature_data.csv***.

Generate the following correlation matrices

1. Pearson’s correlation matrix 

2. Kendall’s rank correlation matrix

3. Spearman’s rank correlation matrix

Comment on the outcomes of the results in parts 1 to 3.


---

#### Exercise 1: Pearson's Correlation


```r
Data = read.csv("Temperature_data.csv")
cor (Data, method = "pearson")
```

```
##              Monday   Tuesday Wednesday  Thursday    Friday
## Monday    1.0000000 0.9566180 0.5392556 0.8236445 0.9271275
## Tuesday   0.9566180 1.0000000 0.7612155 0.9483756 0.9775503
## Wednesday 0.5392556 0.7612155 1.0000000 0.9079766 0.7619665
## Thursday  0.8236445 0.9483756 0.9079766 1.0000000 0.9632126
## Friday    0.9271275 0.9775503 0.7619665 0.9632126 1.0000000
```

---

#### Exercise 1: Kendall's Tau


```r
cor (Data, method = "kendall")
```

```
##              Monday   Tuesday Wednesday  Thursday    Friday
## Monday    1.0000000 0.6952381 0.2952381 0.4666667 0.6761905
## Tuesday   0.6952381 1.0000000 0.6000000 0.7714286 0.8285714
## Wednesday 0.2952381 0.6000000 1.0000000 0.7904762 0.5809524
## Thursday  0.4666667 0.7714286 0.7904762 1.0000000 0.7904762
## Friday    0.6761905 0.8285714 0.5809524 0.7904762 1.0000000
```

---

#### Exercise 1


```r
cor (Data, method = "spearman")
```

```
##              Monday   Tuesday Wednesday  Thursday    Friday
## Monday    1.0000000 0.8642857 0.4035714 0.6250000 0.8250000
## Tuesday   0.8642857 1.0000000 0.7678571 0.9035714 0.9535714
## Wednesday 0.4035714 0.7678571 1.0000000 0.9392857 0.7821429
## Thursday  0.6250000 0.9035714 0.9392857 1.0000000 0.8964286
## Friday    0.8250000 0.9535714 0.7821429 0.8964286 1.0000000
```

---

#### Exercise 2

* The outcome of Pearson method is based on the values of the data whereas Kendall and 
Spearman correlation matrix is based on the rank of the values in the dataset.

* Diagonal in each matrix represents the correlation of temperature with respect to the individual 
days, for example Monday with Monday.

* Pearson shows strong positive correlation between temperatures on Monday, Tuesday, 
Thursday and Friday.

* Kendall and Spearman shows lesser positive correlation as compared to the Pearson’s result 

---

&lt;pre&gt;&lt;code&gt;
library(corrplot)

M = cor(Data)
corrplot(M) 
&lt;/code&gt;&lt;/pre&gt;

---


```
## corrplot 0.92 loaded
```

![](Question_2_files/figure-html/unnamed-chunk-5-1.png)&lt;!-- --&gt;

---

&lt;pre&gt;&lt;code&gt;
library(corrplot)

M = cor(Data)
corrplot(M, method = 'number') 
&lt;/code&gt;&lt;/pre&gt;

---


![](Question_2_files/figure-html/unnamed-chunk-6-1.png)&lt;!-- --&gt;


---


```r
library(faraway)
```

```
## Warning: package 'faraway' was built under R version 4.0.5
```

```r
data(punting)

Data = punting 
```


---


![](Question_2_files/figure-html/unnamed-chunk-8-1.png)&lt;!-- --&gt;
---


![](Question_2_files/figure-html/unnamed-chunk-9-1.png)&lt;!-- --&gt;


---

### mtcars


![](Question_2_files/figure-html/unnamed-chunk-10-1.png)&lt;!-- --&gt;
---


![](Question_2_files/figure-html/unnamed-chunk-11-1.png)&lt;!-- --&gt;

    </textarea>
<style data-target="print-only">@media screen {.remark-slide-container{display:block;}.remark-slide-scaler{box-shadow:none;}}</style>
<script src="https://remarkjs.com/downloads/remark-latest.min.js"></script>
<script>var slideshow = remark.create({
"highlightStyle": "github",
"countIncrementalSlides": false
});
if (window.HTMLWidgets) slideshow.on('afterShowSlide', function (slide) {
  window.dispatchEvent(new Event('resize'));
});
(function(d) {
  var s = d.createElement("style"), r = d.querySelector(".remark-slide-scaler");
  if (!r) return;
  s.type = "text/css"; s.innerHTML = "@page {size: " + r.style.width + " " + r.style.height +"; }";
  d.head.appendChild(s);
})(document);

(function(d) {
  var el = d.getElementsByClassName("remark-slides-area");
  if (!el) return;
  var slide, slides = slideshow.getSlides(), els = el[0].children;
  for (var i = 1; i < slides.length; i++) {
    slide = slides[i];
    if (slide.properties.continued === "true" || slide.properties.count === "false") {
      els[i - 1].className += ' has-continuation';
    }
  }
  var s = d.createElement("style");
  s.type = "text/css"; s.innerHTML = "@media print { .has-continuation { display: none; } }";
  d.head.appendChild(s);
})(document);
// delete the temporary CSS (for displaying all slides initially) when the user
// starts to view slides
(function() {
  var deleted = false;
  slideshow.on('beforeShowSlide', function(slide) {
    if (deleted) return;
    var sheets = document.styleSheets, node;
    for (var i = 0; i < sheets.length; i++) {
      node = sheets[i].ownerNode;
      if (node.dataset["target"] !== "print-only") continue;
      node.parentNode.removeChild(node);
    }
    deleted = true;
  });
})();
(function() {
  "use strict"
  // Replace <script> tags in slides area to make them executable
  var scripts = document.querySelectorAll(
    '.remark-slides-area .remark-slide-container script'
  );
  if (!scripts.length) return;
  for (var i = 0; i < scripts.length; i++) {
    var s = document.createElement('script');
    var code = document.createTextNode(scripts[i].textContent);
    s.appendChild(code);
    var scriptAttrs = scripts[i].attributes;
    for (var j = 0; j < scriptAttrs.length; j++) {
      s.setAttribute(scriptAttrs[j].name, scriptAttrs[j].value);
    }
    scripts[i].parentElement.replaceChild(s, scripts[i]);
  }
})();
(function() {
  var links = document.getElementsByTagName('a');
  for (var i = 0; i < links.length; i++) {
    if (/^(https?:)?\/\//.test(links[i].getAttribute('href'))) {
      links[i].target = '_blank';
    }
  }
})();</script>

<script>
slideshow._releaseMath = function(el) {
  var i, text, code, codes = el.getElementsByTagName('code');
  for (i = 0; i < codes.length;) {
    code = codes[i];
    if (code.parentNode.tagName !== 'PRE' && code.childElementCount === 0) {
      text = code.textContent;
      if (/^\\\((.|\s)+\\\)$/.test(text) || /^\\\[(.|\s)+\\\]$/.test(text) ||
          /^\$\$(.|\s)+\$\$$/.test(text) ||
          /^\\begin\{([^}]+)\}(.|\s)+\\end\{[^}]+\}$/.test(text)) {
        code.outerHTML = code.innerHTML;  // remove <code></code>
        continue;
      }
    }
    i++;
  }
};
slideshow._releaseMath(document);
</script>
<!-- dynamically load mathjax for compatibility with self-contained -->
<script>
(function () {
  var script = document.createElement('script');
  script.type = 'text/javascript';
  script.src  = 'https://mathjax.rstudio.com/latest/MathJax.js?config=TeX-MML-AM_CHTML';
  if (location.protocol !== 'file:' && /^https?:/.test(script.src))
    script.src  = script.src.replace(/^https?:/, '');
  document.getElementsByTagName('head')[0].appendChild(script);
})();
</script>
  </body>
</html>
